conditional on event_cd in (2,19,20,21,22,23)                                                                                              1
glossary: hrmean=observed hr/pa
xBHR and xPHR - hand-specific hrfreq among hitters,pitchers respectively
Mu=estimated Pr(HR), rMu=rank (1-30) of Mu, by bpcombo
hrmean=observed relfreq of HR, hrsum=observed HRsum, pa=plate apperances
rhrmean=rank (1-30) of hrmean, by bpcombo
fitted_hr_sum=estimated HR sum
sorted by estimated Pr(HR)

                                                                                   Rank for
                                                                   rank            Variable                 fitted_
park      bh  ph   xBHR  xBHRmean    xPHR  xPHRmean    hrmean    hrmean        Mu        Mu     hrsum        hr_sum        pa   residhr
---------------------------------------------------------------------------------------------------------------------------------------
LAN       R   L   .0500  0.047913  .04900  0.043927  0.070818        29   0.07048        30        58      57.72526       819  0.274738
CLE       R   L   .0500  0.044598  .04900  0.052595  0.069405        28   0.06284        29        49      44.36222       706  4.637778
CIN       L   R   .0487  0.046464  .04755  0.052299  0.067408        29   0.06013        30        97      86.52418      1439  10.47582
CIN       R   R   .0481  0.047125  .04700  0.048769  0.065872        29   0.05790        30       105      92.30045      1594  12.69955
SEA       R   L   .0500  0.053421  .04900  0.050266  0.068394        27   0.05601        28        66      54.04946       965  11.95054
BAL       L   R   .0487  0.053046  .04755  0.049297   0.07197        30   0.05599        29        76      59.13064      1056  16.86936
CHA       L   R   .0487  0.048349  .04755  0.050269  0.064915        28   0.05522        28        84      71.45439      1294  12.54561
CHN       R   L   .0500   0.05206  .04900  0.053759  0.072148        30   0.05515        27        43      32.87073       596  10.12927
MIN       L   R   .0487  0.043997  .04755  0.050607  0.058555        23   0.05491        27        77      72.20082      1315  4.799183
PHI       R   L   .0500  0.044083  .04900  0.044215  0.053111        16   0.05471        26        35      36.05355       659  -1.05355
WAS       R   L   .0500  0.044628  .04900  0.045532  0.053203        17   0.05361        25        49      49.37645       921  -0.37645
TOR       R   R   .0481  0.057236  .04700  0.046646  0.066909        30   0.05259        29       129         101.4      1928  27.59999
CHN       L   R   .0487  0.048262  .04755  0.051655  0.063395        26   0.05237        26        93      76.82074      1467  16.17926
BAL       R   L   .0500  0.053754  .04900  0.054382  0.065972        26   0.05131        24        76      59.11153      1152  16.88847
CHA       R   L   .0500  0.048756  .04900  0.044198  0.054147        18   0.05119        23        47      44.43231       868  2.567686
MIL       R   L   .0500  0.050603  .04900  0.051487  0.063063        25   0.05087        22        49      39.52405       777  9.475948
LAN       R   R   .0481  0.050193  .04700  0.045761  0.059626        26   0.05026        28        83      69.96009      1392  13.03991
MIL       R   R   .0481   0.04719  .04700  0.045011   0.05391        20   0.04972        27        71      65.48489      1317  5.515106
NYA       L   R   .0487  0.054188  .04755  0.048707  0.064516        27   0.04890        25        54      40.93348       837  13.06652
CLE       L   R   .0487  0.048315  .04755   0.04772  0.053888        19   0.04865        24        79      71.32633      1466  7.673665
COL       R   L   .0500  0.049892  .04900  0.046348  0.054852        19   0.04858        21        39      34.54112       711  4.458878
ATL       L   R   .0487  0.049214  .04755  0.045892  0.053697        18   0.04851        23        61      55.10546      1136  5.894544
ATL       R   R   .0481  0.052517  .04700  0.045322  0.060217        27   0.04826        26        89      71.32781      1478  17.67219
TBA       R   L   .0500  0.052332  .04900  0.045577  0.055655        20   0.04812        20        62      53.61053      1114  8.389467
PHI       R   R   .0481  0.041683  .04700  0.045612   0.04855        14   0.04764        25        77      75.55633      1586  1.443671
CHA       R   R   .0481  0.047321  .04700   0.04881  0.055556        22   0.04757        24        82       70.2066      1476   11.7934
NYN       R   L   .0500  0.055294  .04900  0.044774  0.059423        24   0.04747        19        35      27.95903       589   7.04097
LAN       L   R   .0487  0.055375  .04755  0.043843   0.05812        22   0.04680        22        68      54.76036      1170  13.23964
WAS       L   R   .0487  0.052501  .04755  0.049991  0.059779        25   0.04639        21        81      62.85646      1355  18.14354
CHN       R   R   .0481  0.050504  .04700  0.046602  0.058926        25   0.04616        23       101      79.12624      1714  21.87376
WAS       R   R   .0481   0.03987  .04700  0.051411  0.049698        16   0.04601        22        74      68.51067      1489  5.489334
BAL       R   R   .0481  0.050396  .04700   0.05355  0.062642        28   0.04594        21       110      80.66491      1756  29.33509
SEA       L   R   .0487  0.050614  .04755  0.046193  0.054795        21   0.04592        20        64      53.63217      1168  10.36783
SFN       L   R   .0487  0.050118  .04755  0.043087  0.048936        16   0.04576        19        69      64.52292      1410  4.477079
ANA       R   L   .0500   0.04411  .04900  0.049184  0.047276        11   0.04544        18        46      44.21798       973  1.782016
PHI       L   R   .0487  0.048425  .04755  0.049697  0.054649        20   0.04535        18        77      63.90341      1409  13.09659
TOR       R   L   .0500   0.05865  .04900  0.048111  0.059368        23   0.04509        17        77      58.48375      1297  18.51625
OAK       L   L   .0393  0.053554  .03586  0.034957  0.068306        29   0.04508        30        25      16.49959       366  8.500414
SDN       R   R   .0481  0.051873  .04700  0.045689  0.054953        21   0.04507        20        81      66.43203      1474  14.56797
MIN       R   L   .0500  0.055892  .04900  0.049057  0.058511        22   0.04492        16        55      42.22394       940  12.77606
CIN       R   L   .0500  0.046687  .04900  0.048725  0.049505        13   0.04491        15        35      31.74863       707  3.251369
COL       R   R   .0481  0.044756  .04700  0.047326  0.047701        13   0.04469        19        83      77.75344      1740  5.246556
PIT       R   L   .0500  0.039084  .04900   0.05225  0.043909         7   0.04408        14        31      31.12173       706  -0.12173
ANA       L   R   .0487  0.055948  .04755  0.047568  0.059524        24   0.04394        17        60      44.28986      1008  15.71014
TEX       R   R   .0481  0.044854  .04700  0.047805  0.048735        15   0.04393        18        79      71.20873      1621  7.791269
ANA       R   R   .0481  0.039696  .04700  0.044968  0.042553        11   0.04382        17        74      76.20793      1739  -2.20793
ARI       L   R   .0487    0.0425  .04755   0.04655  0.042772         8   0.04374        16        79      80.78519      1847  -1.78519
ATL       R   L   .0500  0.050166  .04900   0.04297  0.046891        10   0.04337        13        46      42.54322       981  3.456776
CIN       L   L   .0393  0.033704  .03586   0.03953  0.044369        21   0.04322        29        13      12.66433       293  0.335666
HOU       R   R   .0481   0.04609  .04700  0.050206  0.050775        18   0.04261        16        95      79.71398      1871  15.28602
SLN       R   L   .0500  0.049877  .04900   0.04526  0.045455         8   0.04230        12        37      34.43178       814  2.568221
KCA       R   L   .0500  0.048169  .04900  0.050576  0.046595         9   0.04158        11        52      46.40673      1116  5.593267
CLE       R   R   .0481  0.046277  .04700   0.05173  0.050031        17   0.04128        15        80      66.00033      1599  13.99967
ANA       L   L   .0393  0.052282  .03586  0.046116  0.072864        30   0.04087        28        29      16.26694       398  12.73306
OAK       R   L   .0500  0.047711  .04900  0.048971  0.043624         6   0.04085        10        52      48.69623      1192  3.303773
BOS       R   L   .0500  0.059475  .04900  0.045663  0.052846        15   0.04040         9        52       39.7487       984   12.2513
NYN       L   R   .0487  0.049174  .04755  0.050638  0.049281        17   0.04026        15        72      58.81806      1461  13.18194
SFN       R   R   .0481  0.044673  .04700  0.043553  0.042254        10   0.04022        14        57      54.25796      1349  2.742043
MIL       L   L   .0393  0.032037  .03586  0.035027  0.037681        20   0.04013        27        13      13.84414       345  -0.84414
SDN       R   L   .0500  0.049533  .04900  0.054758  0.049645        14   0.03983         8        35      28.08232       705  6.917684
MIA       L   R   .0487  0.046846  .04755  0.047478  0.044571        11   0.03981        14        55      49.13034      1234   5.86966
COL       L   R   .0487  0.048746  .04755  0.043787  0.042969         9   0.03950        13        66      60.67154      1536  5.328461
TOR       L   L   .0393  0.042351  .03586  0.036313  0.050584        26   0.03906        26        13      10.03949       257   2.96051
NYN       R   R   .0481  0.048948  .04700  0.043154  0.044528        12   0.03883        13        59      51.44988      1325  7.550121
SDN       L   R   .0487   0.04518  .04755  0.046116  0.038924         5   0.03878        12        55      54.79194      1413  0.208062
BOS       R   R   .0481  0.054004  .04700  0.047049  0.051268        19   0.03876        12        93       70.3168      1814   22.6832
HOU       R   L   .0500  0.045841  .04900  0.050451  0.042005         4   0.03873         7        31      28.58445       738  2.415551
MIN       R   R   .0481  0.054747  .04700  0.052547   0.05665        24   0.03866        11        92       62.7794      1624   29.2206
TEX       L   R   .0487  0.051909  .04755  0.045307  0.047511        15   0.03850        11        63      51.04892      1326  11.95108
KCA       L   R   .0487  0.042083  .04755  0.046786  0.038644         4   0.03846        10        49      48.76597      1268  0.234031
NYA       L   L   .0393  0.045197  .03586  0.037846  0.053968        27   0.03814        25        17      12.01457       315  4.985426
ATL       L   L   .0393  0.036767  .03586    0.0404  0.046921        23   0.03795        24        16      12.94058       341   3.05942
NYA       R   R   .0481  0.059574  .04700  0.046359  0.055762        23   0.03792        10        90      61.19851      1614  28.80149
BAL       L   L   .0393  0.044062  .03586  0.042676  0.050505        25   0.03776        23        15      11.21449       297  3.785509
TEX       R   L   .0500  0.041802  .04900  0.047442  0.038419         2   0.03772         6        35      34.35919       911  0.640811
TBA       L   R   .0487  0.053727  .04755  0.045646  0.046036        13   0.03752         9        54      44.00796      1173  9.992042
NYA       R   L   .0500  0.062262  .04900  0.050086  0.056919        21   0.03707         5        58      37.77902      1019  20.22098
PIT       L   R   .0487  0.041719  .04755  0.053395  0.040968         7   0.03701         8        66      59.62545      1611  6.374553
MIA       R   L   .0500  0.047719  .04900     0.048  0.042714         5   0.03687         4        34      29.34492       796  4.655082
ARI       R   L   .0500  0.045088  .04900    0.0518  0.039744         3   0.03683         3        31      28.72997       780  2.270032
OAK       L   R   .0487  0.055169  .04755  0.046732  0.047048        14   0.03632         7        51      39.36853      1084  11.63147
SLN       L   L   .0393   0.03223  .03586  0.031159  0.033019        16   0.03630        22         7      7.694659       212  -0.69466
HOU       L   L   .0393  0.056866  .03586   0.03789  0.061224        28   0.03624        21        21      12.42981       343  8.570193
HOU       L   R   .0487  0.055376  .04755  0.044214  0.045673        12   0.03573         6        57      44.59299      1248  12.40701
DET       R   R   .0481  0.051373  .04700  0.042963  0.038806         7   0.03488         9        52      46.73369      1340  5.266309
MIL       L   R   .0487  0.046196  .04755  0.045223  0.036338         3   0.03474         5        52      49.70833      1431  2.291668
DET       L   R   .0487  0.042811  .04755  0.047198  0.034207         2   0.03441         4        47      47.27685      1374  -0.27685
SFN       R   L   .0500   0.05047  .04900  0.044454  0.036739         1   0.03432         2        32      29.88895       871  2.111049
BOS       L   R   .0487  0.055255  .04755  0.045741  0.044131        10   0.03427         3        47      36.50014      1065  10.49986
SDN       L   L   .0393  0.031138  .03586  0.032311  0.030691        12   0.03386        20        12      13.24083       391  -1.24083
SLN       R   R   .0481  0.050104  .04700   0.04372  0.039452         8   0.03375         8        72      61.58556      1825  10.41444
TOR       L   R   .0487  0.048169  .04755  0.050069  0.039764         6   0.03346         2        27      22.71748       679   4.28252
DET       R   L   .0500  0.049613  .04900  0.062798  0.047705        12   0.03294         1        53      36.59413      1111  16.40587
PHI       L   L   .0393  0.037456  .03586   0.02827  0.031746        15   0.03263        19        10      10.27909       315  -0.27909
KCA       R   R   .0481  0.044397  .04700  0.043419  0.032511         2   0.03239         7        54      53.80363      1661  0.196366
TBA       R   R   .0481  0.051631  .04700  0.047078  0.039964         9   0.03222         6        44      35.47148      1101   8.52852
MIA       R   R   .0481   0.04393  .04700  0.042829  0.033672         3   0.03177         5        53      50.00039      1574  2.999607
LAN       L   L   .0393  0.046412  .03586  0.040122  0.047414        24   0.03129        18        22      14.51728       464  7.482723
ARI       R   R   .0481  0.044821  .04700  0.048441  0.037037         6   0.03091         4        49      40.88851      1323  8.111486
PIT       L   L   .0393   0.02981  .03586  0.034134  0.028409        11   0.03073        17        10      10.81735       352  -0.81735
OAK       R   R   .0481  0.049383  .04700  0.045046  0.034153         4   0.02996         3        50      43.85829      1464  6.141705
SEA       R   R   .0481  0.049541  .04700  0.047016  0.034965         5   0.02934         2        45      37.75729      1287  7.242706
SFN       L   L   .0393  0.038935  .03586   0.02918  0.030879        13   0.02905        16        13      12.22973       421  0.770269
SLN       L   R   .0487  0.042888  .04755  0.043801  0.027027         1   0.02799         1        34      35.20868      1258  -1.20868
PIT       R   R   .0481  0.035872  .04700  0.049082   0.02642         1   0.02780         1        40      42.09236      1514  -2.09236
SEA       L   L   .0393  0.037428  .03586  0.040745  0.033645        17   0.02746        15        18      14.68845       535  3.311546
ARI       L   L   .0393  0.030621  .03586  0.036608  0.027848        10   0.02712        14        11      10.71343       395  0.286572
TEX       L   L   .0393  0.046317  .03586  0.044561  0.045946        22   0.02692        13        17      9.959835       370  7.040165
COL       L   L   .0393  0.041647  .03586   0.04057  0.035623        19   0.02645        12        14       10.3951       393  3.604903
WAS       L   L   .0393  0.042935  .03586  0.036011  0.033994        18   0.02642        11        12      9.326896       353  2.673104
MIN       L   L   .0393  0.035948  .03586  0.031757  0.027607         9   0.02537        10         9      8.271679       326  0.728321
MIA       L   L   .0393   0.03671  .03586    0.0246  0.022989         6   0.02420         9         8      8.421632       348  -0.42163
CHN       L   L   .0393  0.034737  .03586  0.033033   0.02381         7   0.02405         8         5      5.049517       210  -0.04952
CLE       L   L   .0393  0.039467  .03586  0.034945  0.031579        14   0.02339         7         6       4.44459       190   1.55541
KCA       L   L   .0393  0.029194  .03586  0.036747  0.017301         4   0.01750         6         5      5.058068       289  -0.05807
BOS       L   L   .0393  0.032608  .03586  0.035094  0.017595         5   0.01702         5         6       5.80425       341   0.19575
TBA       L   L   .0393  0.047496  .03586  0.038161  0.025404         8   0.01612         4        11       6.97963       433   4.02037
CHA       L   L   .0393  0.036118  .03586  0.023249  0.015464         3   0.01599         3         3      3.101793       194  -0.10179
NYN       L   L   .0393  0.031085  .03586  0.029557   0.01278         2   0.01455         2         4      4.552653       313  -0.55265
DET       L   L   .0393  0.029426  .03586  0.028569  0.007692         1  0.008765         1         2      2.278898       260   -0.2789
conditional on event_cd in (2,19,20,21,22,23)                                                                                              2
glossary: hrmean=observed hr/pa
xBHR and xPHR - hand-specific hrfreq among hitters,pitchers respectively
Mu=estimated Pr(HR), rMu=rank (1-30) of Mu, by bpcombo
hrmean=observed relfreq of HR, hrsum=observed HRsum, pa=plate apperances
rhrmean=rank (1-30) of hrmean, by bpcombo
fitted_hr_sum=estimated HR sum
sorted by estimated Pr(HR)
sorted by estimated difference between ranks of fitted, observed Pr(HR) within bpcombo

                                                                                                               fitted_
park      bh  ph   xBHR  xBHRmean    xPHR  xPHRmean    hrmean  rank_hrmean        Mu   rank_Mu     hrsum        hr_sum        pa   residhr
rankdiff
------------------------------------------------------------------------------------------------------------------------------------------
NYA       R   L   .0500  0.062262  .04900  0.050086  0.056919           21   0.03707         5        58      37.77902      1019  20.22098
      16

MIN       R   R   .0481  0.054747  .04700  0.052547   0.05665           24   0.03866        11        92       62.7794      1624   29.2206
      13

NYA       R   R   .0481  0.059574  .04700  0.046359  0.055762           23   0.03792        10        90      61.19851      1614  28.80149
      13

DET       R   L   .0500  0.049613  .04900  0.062798  0.047705           12   0.03294         1        53      36.59413      1111  16.40587
      11

TEX       L   L   .0393  0.046317  .03586  0.044561  0.045946           22   0.02692        13        17      9.959835       370  7.040165
       9

BAL       R   R   .0481  0.050396  .04700   0.05355  0.062642           28   0.04594        21       110      80.66491      1756  29.33509
       7

BOS       L   R   .0487  0.055255  .04755  0.045741  0.044131           10   0.03427         3        47      36.50014      1065  10.49986
       7

WAS       L   L   .0393  0.042935  .03586  0.036011  0.033994           18   0.02642        11        12      9.326896       353  2.673104
       7

ANA       L   R   .0487  0.055948  .04755  0.047568  0.059524           24   0.04394        17        60      44.28986      1008  15.71014
       7

BOS       R   R   .0481  0.054004  .04700  0.047049  0.051268           19   0.03876        12        93       70.3168      1814   22.6832
       7

HOU       L   L   .0393  0.056866  .03586   0.03789  0.061224           28   0.03624        21        21      12.42981       343  8.570193
       7

OAK       L   R   .0487  0.055169  .04755  0.046732  0.047048           14   0.03632         7        51      39.36853      1084  11.63147
       7

CLE       L   L   .0393  0.039467  .03586  0.034945  0.031579           14   0.02339         7         6       4.44459       190   1.55541
       7

COL       L   L   .0393  0.041647  .03586   0.04057  0.035623           19   0.02645        12        14       10.3951       393  3.604903
       7

MIN       R   L   .0500  0.055892  .04900  0.049057  0.058511           22   0.04492        16        55      42.22394       940  12.77606
       6

TOR       R   L   .0500   0.05865  .04900  0.048111  0.059368           23   0.04509        17        77      58.48375      1297  18.51625
       6

LAN       L   L   .0393  0.046412  .03586  0.040122  0.047414           24   0.03129        18        22      14.51728       464  7.482723
       6

BOS       R   L   .0500  0.059475  .04900  0.045663  0.052846           15   0.04040         9        52       39.7487       984   12.2513
       6

SDN       R   L   .0500  0.049533  .04900  0.054758  0.049645           14   0.03983         8        35      28.08232       705  6.917684
       6

HOU       L   R   .0487  0.055376  .04755  0.044214  0.045673           12   0.03573         6        57      44.59299      1248  12.40701
       6

NYN       R   L   .0500  0.055294  .04900  0.044774  0.059423           24   0.04747        19        35      27.95903       589   7.04097
       5

TBA       L   R   .0487  0.053727  .04755  0.045646  0.046036           13   0.03752         9        54      44.00796      1173  9.992042
       4

TBA       L   L   .0393  0.047496  .03586  0.038161  0.025404            8   0.01612         4        11       6.97963       433   4.02037
       4

TEX       L   R   .0487  0.051909  .04755  0.045307  0.047511           15   0.03850        11        63      51.04892      1326  11.95108
       4

TOR       L   R   .0487  0.048169  .04755  0.050069  0.039764            6   0.03346         2        27      22.71748       679   4.28252
       4

WAS       L   R   .0487  0.052501  .04755  0.049991  0.059779           25   0.04639        21        81      62.85646      1355  18.14354
       4

MIL       R   L   .0500  0.050603  .04900  0.051487  0.063063           25   0.05087        22        49      39.52405       777  9.475948
       3

CHN       R   L   .0500   0.05206  .04900  0.053759  0.072148           30   0.05515        27        43      32.87073       596  10.12927
       3

TBA       R   R   .0481  0.051631  .04700  0.047078  0.039964            9   0.03222         6        44      35.47148      1101   8.52852
       3

SEA       R   R   .0481  0.049541  .04700  0.047016  0.034965            5   0.02934         2        45      37.75729      1287  7.242706
       3

BAL       R   L   .0500  0.053754  .04900  0.054382  0.065972           26   0.05131        24        76      59.11153      1152  16.88847
       2

PHI       L   R   .0487  0.048425  .04755  0.049697  0.054649           20   0.04535        18        77      63.90341      1409  13.09659
       2

CLE       R   R   .0481  0.046277  .04700   0.05173  0.050031           17   0.04128        15        80      66.00033      1599  13.99967
       2

NYN       L   R   .0487  0.049174  .04755  0.050638  0.049281           17   0.04026        15        72      58.81806      1461  13.18194
       2

CHN       R   R   .0481  0.050504  .04700  0.046602  0.058926           25   0.04616        23       101      79.12624      1714  21.87376
       2

ANA       L   L   .0393  0.052282  .03586  0.046116  0.072864           30   0.04087        28        29      16.26694       398  12.73306
       2

NYA       L   L   .0393  0.045197  .03586  0.037846  0.053968           27   0.03814        25        17      12.01457       315  4.985426
       2

HOU       R   R   .0481   0.04609  .04700  0.050206  0.050775           18   0.04261        16        95      79.71398      1871  15.28602
       2

ARI       R   R   .0481  0.044821  .04700  0.048441  0.037037            6   0.03091         4        49      40.88851      1323  8.111486
       2

NYA       L   R   .0487  0.054188  .04755  0.048707  0.064516           27   0.04890        25        54      40.93348       837  13.06652
       2

BAL       L   L   .0393  0.044062  .03586  0.042676  0.050505           25   0.03776        23        15      11.21449       297  3.785509
       2

SEA       L   L   .0393  0.037428  .03586  0.040745  0.033645           17   0.02746        15        18      14.68845       535  3.311546
       2

OAK       R   R   .0481  0.049383  .04700  0.045046  0.034153            4   0.02996         3        50      43.85829      1464  6.141705
       1

ATL       R   R   .0481  0.052517  .04700  0.045322  0.060217           27   0.04826        26        89      71.32781      1478  17.67219
       1

SDN       R   R   .0481  0.051873  .04700  0.045689  0.054953           21   0.04507        20        81      66.43203      1474  14.56797
       1

MIA       R   L   .0500  0.047719  .04900     0.048  0.042714            5   0.03687         4        34      29.34492       796  4.655082
       1

TOR       R   R   .0481  0.057236  .04700  0.046646  0.066909           30   0.05259        29       129         101.4      1928  27.59999
       1

SEA       L   R   .0487  0.050614  .04755  0.046193  0.054795           21   0.04592        20        64      53.63217      1168  10.36783
       1

BAL       L   R   .0487  0.053046  .04755  0.049297   0.07197           30   0.05599        29        76      59.13064      1056  16.86936
       1

DET       L   L   .0393  0.029426  .03586  0.028569  0.007692            1  0.008765         1         2      2.278898       260   -0.2789
       0

PIT       R   R   .0481  0.035872  .04700  0.049082   0.02642            1   0.02780         1        40      42.09236      1514  -2.09236
       0

NYN       L   L   .0393  0.031085  .03586  0.029557   0.01278            2   0.01455         2         4      4.552653       313  -0.55265
       0

BOS       L   L   .0393  0.032608  .03586  0.035094  0.017595            5   0.01702         5         6       5.80425       341   0.19575
       0

TOR       L   L   .0393  0.042351  .03586  0.036313  0.050584           26   0.03906        26        13      10.03949       257   2.96051
       0

ARI       R   L   .0500  0.045088  .04900    0.0518  0.039744            3   0.03683         3        31      28.72997       780  2.270032
       0

SLN       R   R   .0481  0.050104  .04700   0.04372  0.039452            8   0.03375         8        72      61.58556      1825  10.41444
       0

LAN       L   R   .0487  0.055375  .04755  0.043843   0.05812           22   0.04680        22        68      54.76036      1170  13.23964
       0

CHA       L   L   .0393  0.036118  .03586  0.023249  0.015464            3   0.01599         3         3      3.101793       194  -0.10179
       0

TBA       R   L   .0500  0.052332  .04900  0.045577  0.055655           20   0.04812        20        62      53.61053      1114  8.389467
       0

CHN       L   R   .0487  0.048262  .04755  0.051655  0.063395           26   0.05237        26        93      76.82074      1467  16.17926
       0

SLN       L   R   .0487  0.042888  .04755  0.043801  0.027027            1   0.02799         1        34      35.20868      1258  -1.20868
       0

CHA       L   R   .0487  0.048349  .04755  0.050269  0.064915           28   0.05522        28        84      71.45439      1294  12.54561
       0

SEA       R   L   .0500  0.053421  .04900  0.050266  0.068394           27   0.05601        28        66      54.04946       965  11.95054
      -1

CIN       L   R   .0487  0.046464  .04755  0.052299  0.067408           29   0.06013        30        97      86.52418      1439  10.47582
      -1

CLE       R   L   .0500  0.044598  .04900  0.052595  0.069405           28   0.06284        29        49      44.36222       706  4.637778
      -1

LAN       R   L   .0500  0.047913  .04900  0.043927  0.070818           29   0.07048        30        58      57.72526       819  0.274738
      -1

NYN       R   R   .0481  0.048948  .04700  0.043154  0.044528           12   0.03883        13        59      51.44988      1325  7.550121
      -1

PIT       L   R   .0487  0.041719  .04755  0.053395  0.040968            7   0.03701         8        66      59.62545      1611  6.374553
      -1

CHN       L   L   .0393  0.034737  .03586  0.033033   0.02381            7   0.02405         8         5      5.049517       210  -0.04952
      -1

CIN       R   R   .0481  0.047125  .04700  0.048769  0.065872           29   0.05790        30       105      92.30045      1594  12.69955
      -1

SFN       R   L   .0500   0.05047  .04900  0.044454  0.036739            1   0.03432         2        32      29.88895       871  2.111049
      -1

MIN       L   L   .0393  0.035948  .03586  0.031757  0.027607            9   0.02537        10         9      8.271679       326  0.728321
      -1

OAK       L   L   .0393  0.053554  .03586  0.034957  0.068306           29   0.04508        30        25      16.49959       366  8.500414
      -1

ATL       L   L   .0393  0.036767  .03586    0.0404  0.046921           23   0.03795        24        16      12.94058       341   3.05942
      -1

MIA       R   R   .0481   0.04393  .04700  0.042829  0.033672            3   0.03177         5        53      50.00039      1574  2.999607
      -2

DET       L   R   .0487  0.042811  .04755  0.047198  0.034207            2   0.03441         4        47      47.27685      1374  -0.27685
      -2

MIL       L   R   .0487  0.046196  .04755  0.045223  0.036338            3   0.03474         5        52      49.70833      1431  2.291668
      -2

DET       R   R   .0481  0.051373  .04700  0.042963  0.038806            7   0.03488         9        52      46.73369      1340  5.266309
      -2

KCA       L   L   .0393  0.029194  .03586  0.036747  0.017301            4   0.01750         6         5      5.058068       289  -0.05807
      -2

CHA       R   R   .0481  0.047321  .04700   0.04881  0.055556           22   0.04757        24        82       70.2066      1476   11.7934
      -2

LAN       R   R   .0481  0.050193  .04700  0.045761  0.059626           26   0.05026        28        83      69.96009      1392  13.03991
      -2

KCA       R   L   .0500  0.048169  .04900  0.050576  0.046595            9   0.04158        11        52      46.40673      1116  5.593267
      -2

CIN       R   L   .0500  0.046687  .04900  0.048725  0.049505           13   0.04491        15        35      31.74863       707  3.251369
      -2

COL       R   L   .0500  0.049892  .04900  0.046348  0.054852           19   0.04858        21        39      34.54112       711  4.458878
      -2

SFN       L   L   .0393  0.038935  .03586   0.02918  0.030879           13   0.02905        16        13      12.22973       421  0.770269
      -3

TEX       R   R   .0481  0.044854  .04700  0.047805  0.048735           15   0.04393        18        79      71.20873      1621  7.791269
      -3

MIA       L   R   .0487  0.046846  .04755  0.047478  0.044571           11   0.03981        14        55      49.13034      1234   5.86966
      -3

MIA       L   L   .0393   0.03671  .03586    0.0246  0.022989            6   0.02420         9         8      8.421632       348  -0.42163
      -3

SFN       L   R   .0487  0.050118  .04755  0.043087  0.048936           16   0.04576        19        69      64.52292      1410  4.477079
      -3

HOU       R   L   .0500  0.045841  .04900  0.050451  0.042005            4   0.03873         7        31      28.58445       738  2.415551
      -3

ATL       R   L   .0500  0.050166  .04900   0.04297  0.046891           10   0.04337        13        46      42.54322       981  3.456776
      -3

SFN       R   R   .0481  0.044673  .04700  0.043553  0.042254           10   0.04022        14        57      54.25796      1349  2.742043
      -4

PHI       L   L   .0393  0.037456  .03586   0.02827  0.031746           15   0.03263        19        10      10.27909       315  -0.27909
      -4

COL       L   R   .0487  0.048746  .04755  0.043787  0.042969            9   0.03950        13        66      60.67154      1536  5.328461
      -4

TEX       R   L   .0500  0.041802  .04900  0.047442  0.038419            2   0.03772         6        35      34.35919       911  0.640811
      -4

OAK       R   L   .0500  0.047711  .04900  0.048971  0.043624            6   0.04085        10        52      48.69623      1192  3.303773
      -4

SLN       R   L   .0500  0.049877  .04900   0.04526  0.045455            8   0.04230        12        37      34.43178       814  2.568221
      -4

ARI       L   L   .0393  0.030621  .03586  0.036608  0.027848           10   0.02712        14        11      10.71343       395  0.286572
      -4

MIN       L   R   .0487  0.043997  .04755  0.050607  0.058555           23   0.05491        27        77      72.20082      1315  4.799183
      -4

KCA       R   R   .0481  0.044397  .04700  0.043419  0.032511            2   0.03239         7        54      53.80363      1661  0.196366
      -5

ATL       L   R   .0487  0.049214  .04755  0.045892  0.053697           18   0.04851        23        61      55.10546      1136  5.894544
      -5

CLE       L   R   .0487  0.048315  .04755   0.04772  0.053888           19   0.04865        24        79      71.32633      1466  7.673665
      -5

CHA       R   L   .0500  0.048756  .04900  0.044198  0.054147           18   0.05119        23        47      44.43231       868  2.567686
      -5

PIT       L   L   .0393   0.02981  .03586  0.034134  0.028409           11   0.03073        17        10      10.81735       352  -0.81735
      -6

ANA       R   R   .0481  0.039696  .04700  0.044968  0.042553           11   0.04382        17        74      76.20793      1739  -2.20793
      -6

KCA       L   R   .0487  0.042083  .04755  0.046786  0.038644            4   0.03846        10        49      48.76597      1268  0.234031
      -6

COL       R   R   .0481  0.044756  .04700  0.047326  0.047701           13   0.04469        19        83      77.75344      1740  5.246556
      -6

WAS       R   R   .0481   0.03987  .04700  0.051411  0.049698           16   0.04601        22        74      68.51067      1489  5.489334
      -6

SLN       L   L   .0393   0.03223  .03586  0.031159  0.033019           16   0.03630        22         7      7.694659       212  -0.69466
      -6

SDN       L   R   .0487   0.04518  .04755  0.046116  0.038924            5   0.03878        12        55      54.79194      1413  0.208062
      -7

MIL       R   R   .0481   0.04719  .04700  0.045011   0.05391           20   0.04972        27        71      65.48489      1317  5.515106
      -7

PIT       R   L   .0500  0.039084  .04900   0.05225  0.043909            7   0.04408        14        31      31.12173       706  -0.12173
      -7

ANA       R   L   .0500   0.04411  .04900  0.049184  0.047276           11   0.04544        18        46      44.21798       973  1.782016
      -7

MIL       L   L   .0393  0.032037  .03586  0.035027  0.037681           20   0.04013        27        13      13.84414       345  -0.84414
      -7

SDN       L   L   .0393  0.031138  .03586  0.032311  0.030691           12   0.03386        20        12      13.24083       391  -1.24083
      -8

ARI       L   R   .0487    0.0425  .04755   0.04655  0.042772            8   0.04374        16        79      80.78519      1847  -1.78519
      -8

CIN       L   L   .0393  0.033704  .03586   0.03953  0.044369           21   0.04322        29        13      12.66433       293  0.335666
      -8

WAS       R   L   .0500  0.044628  .04900  0.045532  0.053203           17   0.05361        25        49      49.37645       921  -0.37645
      -8

PHI       R   L   .0500  0.044083  .04900  0.044215  0.053111           16   0.05471        26        35      36.05355       659  -1.05355
     -10

PHI       R   R   .0481  0.041683  .04700  0.045612   0.04855           14   0.04764        25        77      75.55633      1586  1.443671
     -11
conditional on event_cd in (2,19,20,21,22,23)                                                                                              3
glossary: hrmean=observed hr/pa
xBHR and xPHR - hand-specific hrfreq among hitters,pitchers respectively
Mu=estimated Pr(HR), rMu=rank (1-30) of Mu, by bpcombo
hrmean=observed relfreq of HR, hrsum=observed HRsum, pa=plate apperances
rhrmean=rank (1-30) of hrmean, by bpcombo
fitted_hr_sum=estimated HR sum
sorted by estimated Pr(HR)
sorted by estimated difference between ranks of fitted, observed Pr(HR) within bpcombo

The MEANS Procedure

bat_     pit_
hand_    hand_
cd       cd        N Obs    Variable         N            Mean         Std Dev         Minimum         Maximum
--------------------------------------------------------------------------------------------------------------
L        L         10060    xBHR         10060       0.0393032       0.0287858               0       0.1707317
                            xBHRs        10060       0.0413421       0.0184960       0.0084756       0.1201264
                            xPHR         10060       0.0358618       0.0241774               0       1.0000000
                            xPHRs        10060       0.0381294       0.0108060       0.0170349       0.0818210
                            hr           10060       0.0364811       0.1874933               0       1.0000000

         R         38538    xBHR         38538       0.0486574       0.0250417               0       1.0000000
                            xBHRs        38538       0.0481957       0.0194855       0.0081658       0.1273746
                            xPHR         38538       0.0475480       0.0242300               0       1.0000000
                            xPHRs        38538       0.0449916       0.0110563       0.0193984       0.0823041
                            hr           38538       0.0496653       0.2172553               0       1.0000000

R        L         26518    xBHR         26518       0.0500402       0.0287741               0       0.3333333
                            xBHRs        26518       0.0487826       0.0188413       0.0125595       0.1110103
                            xPHR         26518       0.0490041       0.0178673               0       0.2000000
                            xPHRs        26518       0.0472477       0.0120907       0.0179741       0.0943214
                            hr           26518       0.0527943       0.2236269               0       1.0000000

         R         46589    xBHR         46589       0.0480719       0.0272064               0       0.5000000
                            xBHRs        46589       0.0480053       0.0213322       0.0081686       0.1115327
                            xPHR         46589       0.0469968       0.0221275               0       0.5000000
                            xPHRs        46589       0.0448204       0.0114659       0.0176506       0.0924545
                            hr           46589       0.0485737       0.2149774               0       1.0000000
--------------------------------------------------------------------------------------------------------------
